mycolors <-c('#4DBBD4' ,'#01A187'  ,'#6BD66B','#3C5588'  ,'#F29F80','#E59CC4','#6382c2',
             '#8491B6','#91D0C1','#7F5F48','#AF9E85','#739B57','#EFE685','#446983',
             '#BB6239','#5DB1DC','#7F2268','#800202','#D8D8CD'
)


my36colors <-c('#E5D2DD', '#53A85F', '#F1BB72', '#F3B1A0', '#D6E7A3', '#57C3F3', '#476D87',
               '#E95C59', '#E59CC4', '#AB3282', '#23452F', '#BD956A', '#8C549C', '#585658',
               '#9FA3A8', '#E0D4CA', '#5F3D69', '#C5DEBA', '#58A4C3', '#E4C755', '#F7F398',
               '#AA9A59', '#E63863', '#E39A35', '#C1E6F3', '#6778AE', '#91D0BE', '#B53E2B',
               '#712820', '#DCC1DD', '#CCE0F5',  '#CCC9E6', '#625D9E', '#68A180', '#3A6963',
               '#968175'
)

papercolor <- c('#f9766e','#b79f00','#01ba38','#00bfc4','#619fff','#f564e3',
                '#e5b900','#d81535','#6382c2','#9d569c','#e19097','#38a935','#57ade0')

papercolor2 <- c('#f564e3','#619fff','#f9766e','#01ba38','#00bfc4','#b79f00')
